DC = 240.000000, DS = 65520.000000, DI = 4294967280.000000
uc = 240, us = 65520, ui = 4294967280
